[gd_scene load_steps=8 format=3 uid="uid://cik30de5gaaah"]

[ext_resource type="Script" uid="uid://cfl4c4qq5x0jt" path="res://scenes/ingame_scene.gd" id="1_objyc"]
[ext_resource type="PackedScene" uid="uid://bkk87o2ooo6at" path="res://ui/overlays/fade_overlay.tscn" id="1_y6ebv"]
[ext_resource type="PackedScene" uid="uid://jyv4g54adkmo" path="res://ui/overlays/pause_overlay.tscn" id="3_8o178"]
[ext_resource type="PackedScene" uid="uid://o760msijykqa" path="res://scenes/characters/critter.tscn" id="4_th7mp"]
[ext_resource type="Script" uid="uid://bw5kmvu7nlxnm" path="res://game/level.gd" id="5_q7kwb"]
[ext_resource type="PackedScene" uid="uid://cxd84i4g6yp12" path="res://scenes/tiles/wall.tscn" id="6_5jhce"]
[ext_resource type="PackedScene" uid="uid://cpwfyp0ltuwm0" path="res://models/kenney.nl/animal-dog.glb" id="7_th7mp"]

[node name="IngameScene" type="Node3D"]
script = ExtResource("1_objyc")

[node name="UI" type="CanvasLayer" parent="."]

[node name="FadeOverlay" parent="UI" instance=ExtResource("1_y6ebv")]
unique_name_in_owner = true
visible = false

[node name="PauseOverlay" parent="UI" instance=ExtResource("3_8o178")]
unique_name_in_owner = true
process_mode = 2
visible = false

[node name="Camera3D" type="Camera3D" parent="."]
transform = Transform3D(0.925546, -0.293622, 0.239063, 0, 0.631381, 0.775474, -0.378635, -0.717737, 0.584372, 3.60724, 6.9615, 0.900234)
fov = 45.0
size = 7.0

[node name="Critter" parent="." instance=ExtResource("4_th7mp")]
transform = Transform3D(1, 0, 0, 0, 1, 0, 0, 0, 1, 2, 0, -8)
script = null

[node name="Critter2" parent="." instance=ExtResource("4_th7mp")]
transform = Transform3D(-1, 0, -8.74228e-08, 0, 1, 0, 8.74228e-08, 0, -1, 2, 0, -3)

[node name="Key Light" type="DirectionalLight3D" parent="."]
transform = Transform3D(0.263067, -0.474316, 0.840131, 0, 0.870803, 0.491632, -0.964778, -0.129332, 0.229079, 6.51529, 5.43031, 5.73197)
light_color = Color(1, 1, 0.894118, 1)

[node name="Fill Light" type="DirectionalLight3D" parent="Key Light"]
transform = Transform3D(-0.987413, 0.0450577, 0.151606, 0.0777567, 0.973014, 0.217248, -0.137727, 0.226302, -0.964271, 4.74077, 0.759048, -15.4735)
light_color = Color(6.73831e-06, 0.932929, 0.932929, 1)

[node name="Level" type="Node3D" parent="."]
unique_name_in_owner = true
script = ExtResource("5_q7kwb")

[node name="wall" parent="Level" instance=ExtResource("6_5jhce")]
transform = Transform3D(1, 0, 0, 0, 1, 0, 0, 0, 1, 1, 0, -3)

[node name="wall16" parent="Level" instance=ExtResource("6_5jhce")]
transform = Transform3D(1, 0, 0, 0, 1, 0, 0, 0, 1, 1, 0, -2)

[node name="wall17" parent="Level" instance=ExtResource("6_5jhce")]
transform = Transform3D(1, 0, 0, 0, 1, 0, 0, 0, 1, 2, 0, -2)

[node name="wall2" parent="Level" instance=ExtResource("6_5jhce")]
transform = Transform3D(1, 0, 0, 0, 1, 0, 0, 0, 1, 1, 0, -4)

[node name="wall3" parent="Level" instance=ExtResource("6_5jhce")]
transform = Transform3D(1, 0, 0, 0, 1, 0, 0, 0, 1, 1, 0, -5)

[node name="wall4" parent="Level" instance=ExtResource("6_5jhce")]
transform = Transform3D(1, 0, 0, 0, 1, 0, 0, 0, 1, 1, 0, -6)

[node name="wall5" parent="Level" instance=ExtResource("6_5jhce")]
transform = Transform3D(1, 0, 0, 0, 1, 0, 0, 0, 1, 1, 0, -7)

[node name="wall6" parent="Level" instance=ExtResource("6_5jhce")]
transform = Transform3D(1, 0, 0, 0, 1, 0, 0, 0, 1, 1, 0, -8)

[node name="wall7" parent="Level" instance=ExtResource("6_5jhce")]
transform = Transform3D(1, 0, 0, 0, 1, 0, 0, 0, 1, 1, 0, -9)

[node name="wall18" parent="Level" instance=ExtResource("6_5jhce")]
transform = Transform3D(1, 0, 0, 0, 1, 0, 0, 0, 1, 2, 0, -9)

[node name="wall8" parent="Level" instance=ExtResource("6_5jhce")]
transform = Transform3D(1, 0, 0, 0, 1, 0, 0, 0, 1, 3, 0, -3)

[node name="wall15" parent="Level" instance=ExtResource("6_5jhce")]
transform = Transform3D(1, 0, 0, 0, 1, 0, 0, 0, 1, 3, 0, -2)

[node name="wall9" parent="Level" instance=ExtResource("6_5jhce")]
transform = Transform3D(1, 0, 0, 0, 1, 0, 0, 0, 1, 3, 0, -4)

[node name="wall10" parent="Level" instance=ExtResource("6_5jhce")]
transform = Transform3D(1, 0, 0, 0, 1, 0, 0, 0, 1, 3, 0, -5)

[node name="wall11" parent="Level" instance=ExtResource("6_5jhce")]
transform = Transform3D(1, 0, 0, 0, 1, 0, 0, 0, 1, 3, 0, -6)

[node name="wall12" parent="Level" instance=ExtResource("6_5jhce")]
transform = Transform3D(1, 0, 0, 0, 1, 0, 0, 0, 1, 3, 0, -7)

[node name="wall13" parent="Level" instance=ExtResource("6_5jhce")]
transform = Transform3D(1, 0, 0, 0, 1, 0, 0, 0, 1, 3, 0, -8)

[node name="wall14" parent="Level" instance=ExtResource("6_5jhce")]
transform = Transform3D(1, 0, 0, 0, 1, 0, 0, 0, 1, 3, 0, -9)

[node name="animal-dog2" parent="." instance=ExtResource("7_th7mp")]
transform = Transform3D(0.5, 0, 0.866025, 0, 1, 0, -0.866025, 0, 0.5, 2.78787, 0.2, -7.50503)
