[gd_scene load_steps=7 format=3 uid="uid://cik30de5gaaah"]

[ext_resource type="Script" uid="uid://cfl4c4qq5x0jt" path="res://scenes/ingame_scene.gd" id="1_objyc"]
[ext_resource type="PackedScene" uid="uid://bkk87o2ooo6at" path="res://ui/overlays/fade_overlay.tscn" id="1_y6ebv"]
[ext_resource type="PackedScene" uid="uid://jyv4g54adkmo" path="res://ui/overlays/pause_overlay.tscn" id="3_8o178"]
[ext_resource type="Script" uid="uid://nfe45hfgghg0" path="res://scenes/critter.gd" id="4_7v5ay"]
[ext_resource type="PackedScene" uid="uid://clx3c6buhi2ku" path="res://models/die-placeholder.glb" id="5_2577t"]

[sub_resource type="SphereShape3D" id="SphereShape3D_0oab4"]
radius = 0.7

[node name="IngameScene" type="Node3D"]
script = ExtResource("1_objyc")

[node name="UI" type="CanvasLayer" parent="."]

[node name="FadeOverlay" parent="UI" instance=ExtResource("1_y6ebv")]
unique_name_in_owner = true
visible = false

[node name="PauseOverlay" parent="UI" instance=ExtResource("3_8o178")]
unique_name_in_owner = true
process_mode = 2
visible = false

[node name="Camera3D" type="Camera3D" parent="."]
transform = Transform3D(0.623229, -0.654742, 0.427667, 0, 0.546861, 0.837224, -0.78204, -0.521782, 0.340819, 6.4191, 12.4296, 5.31581)
fov = 30.0
size = 7.0

[node name="Critter" type="Node3D" parent="."]
script = ExtResource("4_7v5ay")

[node name="die-placeholder" parent="Critter" instance=ExtResource("5_2577t")]
transform = Transform3D(-1, 8.74228e-08, 0, -8.74228e-08, -1, 0, 0, 0, 1, 0, 0, 0)

[node name="AnimatableBody3D" type="AnimatableBody3D" parent="Critter"]

[node name="CollisionShape3D" type="CollisionShape3D" parent="Critter/AnimatableBody3D"]
shape = SubResource("SphereShape3D_0oab4")

[node name="Critter2" type="Node3D" parent="."]
transform = Transform3D(1, 0, 0, 0, 1, 0, 0, 0, 1, 0, 0, -1)
script = ExtResource("4_7v5ay")

[node name="die-placeholder" parent="Critter2" instance=ExtResource("5_2577t")]
transform = Transform3D(-1, 8.74228e-08, 0, -8.74228e-08, -1, 0, 0, 0, 1, 0, 0, 0)

[node name="AnimatableBody3D" type="AnimatableBody3D" parent="Critter2"]

[node name="CollisionShape3D" type="CollisionShape3D" parent="Critter2/AnimatableBody3D"]
shape = SubResource("SphereShape3D_0oab4")

[node name="Critter3" type="Node3D" parent="."]
transform = Transform3D(1, 0, 0, 0, 1, 0, 0, 0, 1, -2, 0, 0)
script = ExtResource("4_7v5ay")

[node name="die-placeholder" parent="Critter3" instance=ExtResource("5_2577t")]
transform = Transform3D(-1, 8.74228e-08, 0, -8.74228e-08, -1, 0, 0, 0, 1, 0, 0, 0)

[node name="AnimatableBody3D" type="AnimatableBody3D" parent="Critter3"]

[node name="CollisionShape3D" type="CollisionShape3D" parent="Critter3/AnimatableBody3D"]
shape = SubResource("SphereShape3D_0oab4")

[node name="Key Light" type="DirectionalLight3D" parent="."]
transform = Transform3D(0.263067, -0.474316, 0.840131, 0, 0.870803, 0.491632, -0.964778, -0.129332, 0.22908, 6.51529, 5.43031, 5.73197)
light_color = Color(1, 1, 0.894118, 1)

[node name="Fill Light" type="DirectionalLight3D" parent="Key Light"]
transform = Transform3D(-0.987413, 0.0450577, 0.151606, 0.0777567, 0.973014, 0.217248, -0.137727, 0.226302, -0.964271, 4.74077, 0.759048, -15.4735)
light_color = Color(6.73831e-06, 0.932929, 0.932929, 1)

[connection signal="mouse_entered" from="Critter/AnimatableBody3D" to="Critter" method="_on_animatable_body_3d_mouse_entered"]
[connection signal="mouse_exited" from="Critter/AnimatableBody3D" to="Critter" method="_on_animatable_body_3d_mouse_exited"]
[connection signal="mouse_entered" from="Critter2/AnimatableBody3D" to="Critter2" method="_on_animatable_body_3d_mouse_entered"]
[connection signal="mouse_exited" from="Critter2/AnimatableBody3D" to="Critter2" method="_on_animatable_body_3d_mouse_exited"]
[connection signal="mouse_entered" from="Critter3/AnimatableBody3D" to="Critter3" method="_on_animatable_body_3d_mouse_entered"]
[connection signal="mouse_exited" from="Critter3/AnimatableBody3D" to="Critter3" method="_on_animatable_body_3d_mouse_exited"]
